Genepop data file generated from file CervusInput..txt by Cervus 3.0.6 on 03-Feb-15 4:28:08 PM
Locus1
Locus2
Locus3
Locus4
Locus5
Locus6
Locus7
Locus8
Locus9
Locus10
pop
ESSR21 , 239239 264272 244244 153157 164180 205216 114114 000000 229229 252252
ESSR22 , 231231 248248 242242 153153 160164 216224 120126 176176 221225 232236
ESSR23 , 227243 248248 240244 153153 168182 216224 114132 176176 221221 234234
ESSR24 , 227235 256268 242246 153153 164164 216216 126126 172172 234241 236236
ESSR25 , 223227 236268 240246 153153 158160 217224 123126 176184 225234 234240
ESSR26 , 223227 229229 248248 000000 164168 205228 111129 172176 234234 240240
ESSR27 , 227227 260272 244248 153161 164172 216216 111123 172180 225234 238238
ESSR28 , 227239 225236 246248 153153 158158 205216 123126 176176 234234 236240
ESSH20 , 235235 225252 000000 153153 000000 224224 123132 172176 213213 236236
ESSH21 , 235235 236248 246248 153153 000000 210224 114126 172176 221237 236236
ESSH22 , 235251 229256 242248 165165 164164 220224 123126 172176 221245 238240
ESSH23 , 231235 225268 244248 153153 166166 217221 111123 172172 234234 236236
ESSH24 , 239251 260272 000000 153153 164164 216220 114114 172176 225234 238244
ESSH25 , 227235 236236 000000 153153 172172 210224 123126 172176 234234 236236
ESSH26 , 239239 000000 242244 000000 164164 206229 114126 000000 221234 240240
ESSH27 , 231235 229260 240246 157161 164164 205205 114123 176176 225234 238252
ESSH28 , 231239 252268 242248 153153 164164 205216 126135 172176 229234 240244
ESSE21 , 235235 252264 244250 153161 166168 205221 114126 172176 213213 232232
ESSE22 , 231239 236256 246248 153153 000000 000000 126126 172176 221234 244244
ESSE23 , 235235 217272 244244 153153 158164 220224 126126 176176 229234 240240
ESSE24 , 223223 221225 242248 153157 160180 221224 111132 176176 234234 236238
ESSE25 , 227227 217256 244246 153153 162164 216221 123123 176176 221234 236236
ESSE26 , 227239 236268 242248 157157 166166 220224 132141 172176 234234 236240
ESSE27 , 235235 217252 244250 153165 158158 220220 126132 172176 234234 240240
ESSE28 , 231239 225260 246246 157157 158160 205217 126135 176176 221221 236238